    0   11   0.1064059485459382e+01   0.7911599175884131e+00   0.1325954978042090e+01
    1   11   0.1064016894206170e+01   0.7906657034552554e+00   0.1325625967524980e+01
    2   11   0.1063889051485230e+01   0.7891819788485873e+00   0.1324638860070740e+01
    3   11   0.1063675748750660e+01   0.7867054751544081e+00   0.1322993425198401e+01
    4   11   0.1063376632818690e+01   0.7832306704933163e+00   0.1320689269444642e+01
    5   11   0.1062991197216820e+01   0.7787496752879363e+00   0.1317725822059170e+01
    6   10   0.1062518769574420e+01   0.7732520655235441e+00   0.1314102314332630e+01
    7   10   0.1061959131831093e+01   0.7667250316625920e+00   0.1309818488133930e+01
    8   11   0.1061309946138803e+01   0.7591515787798450e+00   0.1304871611054930e+01
    9   11   0.1060569924968653e+01   0.7505120426576360e+00   0.1299260132507020e+01
   10   11   0.1059738770216140e+01   0.7407835694646561e+00   0.1292983587632890e+01
   11   11   0.1058813964858562e+01   0.7299376710243803e+00   0.1286038885788453e+01
   12   11   0.1057793251451560e+01   0.7179409342976760e+00   0.1278423149022530e+01
   13   10   0.1056673922619920e+01   0.7047536684787433e+00   0.1270132871781220e+01
   14   10   0.1055453338476361e+01   0.6903289812137640e+00   0.1261164482533713e+01
   15    9   0.1054126344381280e+01   0.6746097954254621e+00   0.1251511376697240e+01
   16   11   0.1052688995406990e+01   0.6575288468304720e+00   0.1241168121353904e+01
   17   11   0.1051134301947960e+01   0.6390036390883750e+00   0.1230125591758750e+01
   18   11   0.1049456891472470e+01   0.6189351860960533e+00   0.1218376186424710e+01
   19   11   0.1047647049231830e+01   0.5971997235841460e+00   0.1205907065081360e+01
   20   10   0.1045693512132750e+01   0.5736428499378300e+00   0.1192703249178651e+01
   21   10   0.1043582383746530e+01   0.5480681796515500e+00   0.1178746334548980e+01
   22    9   0.1041293531736130e+01   0.5202192930630790e+00   0.1164010451890594e+01
   23   11   0.1038802148393490e+01   0.4897545176936940e+00   0.1148463926777114e+01
   24   11   0.1036071520162940e+01   0.4562001955378970e+00   0.1132061311635360e+01
   25   11   0.1033051361579030e+01   0.4188718338149000e+00   0.1114741552479201e+01
   26   10   0.1029660414893542e+01   0.3767131536721750e+00   0.1096409307762561e+01
   27   11   0.1025762538527330e+01   0.3279420635457581e+00   0.1076909830249810e+01
   28   11   0.1021088070933370e+01   0.2690791695351020e+00   0.1055947180535150e+01
   29   11   0.1014943576058034e+01   0.1911478659760190e+00   0.1032786507100410e+01
   30   30   0.1000000000000000e+01  -0.0000000000000000e+00   0.1000000000000000e+01
   31   11   0.9850550521709424e+00  -0.1911478659760190e+00   0.1003429600158720e+01
   32   11   0.9789105421753070e+00  -0.2690791695351020e+00   0.1015218916815310e+01
   33   11   0.9742365789115780e+00  -0.3279419075897842e+00   0.1027950780165550e+01
   34   10   0.9703381692983170e+00  -0.3767131536721750e+00   0.1040898152052760e+01
   35   11   0.9669476507303820e+00  -0.4188720338974750e+00   0.1053774900078010e+01
   36   11   0.9639270369392800e+00  -0.4562001955378970e+00   0.1066430471691124e+01
   37   11   0.9611971320346620e+00  -0.4897542071530490e+00   0.1078776672929004e+01
   38    9   0.9587055649177823e+00  -0.5202190430891992e+00   0.1090753965382190e+01
   39   10   0.9564172950272600e+00  -0.5480682646212260e+00   0.1102321579627370e+01
   40   10   0.9543054409880440e+00  -0.5736431265508553e+00   0.1113447489259563e+01
   41   11   0.9523518938760870e+00  -0.5972000120231164e+00   0.1124109418219500e+01
   42   11   0.9505415960047640e+00  -0.6189351860960533e+00   0.1134288362949670e+01
   43   11   0.9488641757036432e+00  -0.6390036390883750e+00   0.1143970661643881e+01
   44   11   0.9473102706263110e+00  -0.6575284251504750e+00   0.1153143693871220e+01
   45    9   0.9458727236939290e+00  -0.6746094677670231e+00   0.1161797376236100e+01
   46   10   0.9445463207111050e+00  -0.6903290893274762e+00   0.1169923930664121e+01
   47   10   0.9433249716106432e+00  -0.7047540115629410e+00   0.1177514424063790e+01
   48   11   0.9422056364414940e+00  -0.7179412841578703e+00   0.1184563695560680e+01
   49   11   0.9411844650957014e+00  -0.7299376710243803e+00   0.1191065573727150e+01
   50   11   0.9402596537134073e+00  -0.7407835694646561e+00   0.1197016504978130e+01
   51   11   0.9394284934979120e+00  -0.7505120426576360e+00   0.1202411834842743e+01
   52   11   0.9386891023059680e+00  -0.7591512076347282e+00   0.1207248022090430e+01
   53   10   0.9380399147276731e+00  -0.7667246565875590e+00   0.1211522009969942e+01
   54   10   0.9374800909534750e+00  -0.7732524439902770e+00   0.1215231773395952e+01
   55   11   0.9370076605233133e+00  -0.7787500566145732e+00   0.1218373919023460e+01
   56   11   0.9366217668719734e+00  -0.7832306704933163e+00   0.1220946607096230e+01
   57   11   0.9363226489099552e+00  -0.7867054751544081e+00   0.1222949552311820e+01
   58   11   0.9361093447243931e+00  -0.7891819788485873e+00   0.1224381027711433e+01
   59   11   0.9359815011324762e+00  -0.7906657034552554e+00   0.1225240231580160e+01
   60   11   0.9359389095888712e+00  -0.7911599175884131e+00   0.1225526685829774e+01
