    0    9  -0.6955909875976234e-02  -0.1769468588832050e-03   0.6958160129917420e-02
    1    9  -0.6944271553050582e-02  -0.1763560043085600e-03   0.6946510551547680e-02
    2    9  -0.6909357068911972e-02  -0.1745864194325780e-03   0.6911562451687330e-02
    3    9  -0.6851167877451420e-02  -0.1716470625814344e-03   0.6853317736623264e-02
    4    9  -0.6769706401740520e-02  -0.1675529375542030e-03   0.6771779585356390e-02
    5    9  -0.6664976033911270e-02  -0.1623252058129150e-03   0.6666952452586850e-02
    6    9  -0.6536981134987910e-02  -0.1559913483097130e-03   0.6538842073328830e-02
    7    9  -0.6385727034670643e-02  -0.1485853820715692e-03   0.6387455469675610e-02
    8    9  -0.6211220031071381e-02  -0.1401481386823310e-03   0.6212800960529680e-02
    9    9  -0.6013467390401440e-02  -0.1307276143209450e-03   0.6014888175566320e-02
   10    9  -0.5792477346611250e-02  -0.1203794042531270e-03   0.5793728075425430e-02
   11    9  -0.5548259100982094e-02  -0.1091672389443332e-03   0.5549332981331123e-02
   12    9  -0.5280822821669883e-02  -0.9716364472228274e-04   0.5281716619407481e-02
   13    9  -0.4990179643200971e-02  -0.8445075985359444e-04   0.4990894188645680e-02
   14    9  -0.4676341665920113e-02  -0.7112134806415500e-04   0.4676882468329840e-02
   15    9  -0.4339321955390503e-02  -0.5728006758243200e-04   0.4339699994086724e-02
   16    9  -0.3979134541746010e-02  -0.4304507739195222e-04   0.3979367359267540e-02
   17    9  -0.3595794418995550e-02  -0.2855009798397370e-04   0.3595907759074810e-02
   18    9  -0.3189317544279733e-02  -0.1394709912091113e-04   0.3189348039932990e-02
   19    9  -0.2759720837079790e-02   0.5901244977443640e-06   0.2759720900174380e-02
   20    9  -0.2307022178378742e-02   0.1486108212259320e-04   0.2307070042996800e-02
   21    9  -0.1831240409775020e-02   0.2863175910763060e-04   0.1831464227339040e-02
   22    9  -0.1332395332548393e-02   0.4162470983876830e-04   0.1333045362568700e-02
   23    9  -0.8105077066784573e-03   0.5350405971173670e-04   0.8122717691701522e-03
   24    9  -0.2655992498155413e-03   0.6385156167308350e-04   0.2731665854944010e-03
   25    9   0.3023073637957353e-03   0.7212567209821250e-04   0.3107923016754854e-03
   26    9   0.8931885044403260e-03   0.7758493978011013e-04   0.8965517984729210e-03
   27    9   0.1507019588103840e-02   0.7912499642624513e-04   0.1509095359474711e-02
   28    9   0.2143775077690750e-02   0.7485642256329573e-04   0.2145081599316670e-02
   29    9   0.2803428484289190e-02   0.6054312637117281e-04   0.2804082155835450e-02
   30   30   0.1000000000000000e+01  -0.0000000000000000e+00   0.1000000000000000e+01
   31    9   0.2803428484220910e-02  -0.6054312637117281e-04   0.2804082155767190e-02
   32    9   0.2143775077606330e-02  -0.7485642256329573e-04   0.2145081599232300e-02
   33    9   0.1507019588014590e-02  -0.7912499642624513e-04   0.1509095359385590e-02
   34    9   0.8931885043528120e-03  -0.7758493978011013e-04   0.8965517983857351e-03
   35    9   0.3023073637143730e-03  -0.7212567209821250e-04   0.3107923015963444e-03
   36    9  -0.2655992498875760e-03  -0.6385156167308350e-04   0.2731665855644402e-03
   37    9  -0.8105077067388250e-03  -0.5350405971173670e-04   0.8122717692303890e-03
   38    9  -0.1332395332595364e-02  -0.4162470983876830e-04   0.1333045362615643e-02
   39    9  -0.1831240409807340e-02  -0.2863175910763060e-04   0.1831464227371351e-02
   40    9  -0.2307022178395530e-02  -0.1486108212259320e-04   0.2307070043013583e-02
   41    9  -0.2759720837080474e-02  -0.5901244977443640e-06   0.2759720900175070e-02
   42    9  -0.3189317544264020e-02   0.1394709912091113e-04   0.3189348039917280e-02
   43    9  -0.3595794418963360e-02   0.2855009798397370e-04   0.3595907759042621e-02
   44    9  -0.3979134541697470e-02   0.4304507739195222e-04   0.3979367359219000e-02
   45    9  -0.4339321955325901e-02   0.5728006758243200e-04   0.4339699994022130e-02
   46    9  -0.4676341665839893e-02   0.7112134806415500e-04   0.4676882468249623e-02
   47    9  -0.4990179643105710e-02   0.8445075985359444e-04   0.4990894188550432e-02
   48    9  -0.5280822821560280e-02   0.9716364472228274e-04   0.5281716619297891e-02
   49    9  -0.5548259100858940e-02   0.1091672389443332e-03   0.5549332981207991e-02
   50    9  -0.5792477346475441e-02   0.1203794042531270e-03   0.5793728075289650e-02
   51    9  -0.6013467390253953e-02   0.1307276143209450e-03   0.6014888175418870e-02
   52    9  -0.6211220030913263e-02   0.1401481386823310e-03   0.6212800960371600e-02
   53    9  -0.6385727034503000e-02   0.1485853820715692e-03   0.6387455469508013e-02
   54    9  -0.6536981134811910e-02   0.1559913483097130e-03   0.6538842073152880e-02
   55    9  -0.6664976033728120e-02   0.1623252058129150e-03   0.6666952452403752e-02
   56    9  -0.6769706401551470e-02   0.1675529375542030e-03   0.6771779585167400e-02
   57    9  -0.6851167877257750e-02   0.1716470625814344e-03   0.6853317736429653e-02
   58    9  -0.6909357068714984e-02   0.1745864194325780e-03   0.6911562451490401e-02
   59    9  -0.6944271552851600e-02   0.1763560043085600e-03   0.6946510551348760e-02
   60    9  -0.6955909875776582e-02   0.1769468588832050e-03   0.6958160129717830e-02
