    0    9  -0.6955909875976234D-02  -0.1769468588832050D-03   0.6958160129917420D-02
    1    9  -0.6944271553050582D-02  -0.1763560043085600D-03   0.6946510551547680D-02
    2    9  -0.6909357068911972D-02  -0.1745864194325780D-03   0.6911562451687330D-02
    3    9  -0.6851167877451420D-02  -0.1716470625814344D-03   0.6853317736623264D-02
    4    9  -0.6769706401740520D-02  -0.1675529375542030D-03   0.6771779585356390D-02
    5    9  -0.6664976033911270D-02  -0.1623252058129150D-03   0.6666952452586850D-02
    6    9  -0.6536981134987910D-02  -0.1559913483097130D-03   0.6538842073328830D-02
    7    9  -0.6385727034670643D-02  -0.1485853820715692D-03   0.6387455469675610D-02
    8    9  -0.6211220031071381D-02  -0.1401481386823310D-03   0.6212800960529680D-02
    9    9  -0.6013467390401440D-02  -0.1307276143209450D-03   0.6014888175566320D-02
   10    9  -0.5792477346611250D-02  -0.1203794042531270D-03   0.5793728075425430D-02
   11    9  -0.5548259100982094D-02  -0.1091672389443332D-03   0.5549332981331123D-02
   12    9  -0.5280822821669883D-02  -0.9716364472228274D-04   0.5281716619407481D-02
   13    9  -0.4990179643200971D-02  -0.8445075985359444D-04   0.4990894188645680D-02
   14    9  -0.4676341665920113D-02  -0.7112134806415500D-04   0.4676882468329840D-02
   15    9  -0.4339321955390503D-02  -0.5728006758243200D-04   0.4339699994086724D-02
   16    9  -0.3979134541746010D-02  -0.4304507739195222D-04   0.3979367359267540D-02
   17    9  -0.3595794418995550D-02  -0.2855009798397370D-04   0.3595907759074810D-02
   18    9  -0.3189317544279733D-02  -0.1394709912091113D-04   0.3189348039932990D-02
   19    9  -0.2759720837079790D-02   0.5901244977443640D-06   0.2759720900174380D-02
   20    9  -0.2307022178378742D-02   0.1486108212259320D-04   0.2307070042996800D-02
   21    9  -0.1831240409775020D-02   0.2863175910763060D-04   0.1831464227339040D-02
   22    9  -0.1332395332548393D-02   0.4162470983876830D-04   0.1333045362568700D-02
   23    9  -0.8105077066784573D-03   0.5350405971173670D-04   0.8122717691701522D-03
   24    9  -0.2655992498155413D-03   0.6385156167308350D-04   0.2731665854944010D-03
   25    9   0.3023073637957353D-03   0.7212567209821250D-04   0.3107923016754854D-03
   26    9   0.8931885044403260D-03   0.7758493978011013D-04   0.8965517984729210D-03
   27    9   0.1507019588103840D-02   0.7912499642624513D-04   0.1509095359474711D-02
   28    9   0.2143775077690750D-02   0.7485642256329573D-04   0.2145081599316670D-02
   29    9   0.2803428484289190D-02   0.6054312637117281D-04   0.2804082155835450D-02
   30   30   0.1000000000000000D+01  -0.0000000000000000D+00   0.1000000000000000D+01
   31    9   0.2803428484220910D-02  -0.6054312637117281D-04   0.2804082155767190D-02
   32    9   0.2143775077606330D-02  -0.7485642256329573D-04   0.2145081599232300D-02
   33    9   0.1507019588014590D-02  -0.7912499642624513D-04   0.1509095359385590D-02
   34    9   0.8931885043528120D-03  -0.7758493978011013D-04   0.8965517983857351D-03
   35    9   0.3023073637143730D-03  -0.7212567209821250D-04   0.3107923015963444D-03
   36    9  -0.2655992498875760D-03  -0.6385156167308350D-04   0.2731665855644402D-03
   37    9  -0.8105077067388250D-03  -0.5350405971173670D-04   0.8122717692303890D-03
   38    9  -0.1332395332595364D-02  -0.4162470983876830D-04   0.1333045362615643D-02
   39    9  -0.1831240409807340D-02  -0.2863175910763060D-04   0.1831464227371351D-02
   40    9  -0.2307022178395530D-02  -0.1486108212259320D-04   0.2307070043013583D-02
   41    9  -0.2759720837080474D-02  -0.5901244977443640D-06   0.2759720900175070D-02
   42    9  -0.3189317544264020D-02   0.1394709912091113D-04   0.3189348039917280D-02
   43    9  -0.3595794418963360D-02   0.2855009798397370D-04   0.3595907759042621D-02
   44    9  -0.3979134541697470D-02   0.4304507739195222D-04   0.3979367359219000D-02
   45    9  -0.4339321955325901D-02   0.5728006758243200D-04   0.4339699994022130D-02
   46    9  -0.4676341665839893D-02   0.7112134806415500D-04   0.4676882468249623D-02
   47    9  -0.4990179643105710D-02   0.8445075985359444D-04   0.4990894188550432D-02
   48    9  -0.5280822821560280D-02   0.9716364472228274D-04   0.5281716619297891D-02
   49    9  -0.5548259100858940D-02   0.1091672389443332D-03   0.5549332981207991D-02
   50    9  -0.5792477346475441D-02   0.1203794042531270D-03   0.5793728075289650D-02
   51    9  -0.6013467390253953D-02   0.1307276143209450D-03   0.6014888175418870D-02
   52    9  -0.6211220030913263D-02   0.1401481386823310D-03   0.6212800960371600D-02
   53    9  -0.6385727034503000D-02   0.1485853820715692D-03   0.6387455469508013D-02
   54    9  -0.6536981134811910D-02   0.1559913483097130D-03   0.6538842073152880D-02
   55    9  -0.6664976033728120D-02   0.1623252058129150D-03   0.6666952452403752D-02
   56    9  -0.6769706401551470D-02   0.1675529375542030D-03   0.6771779585167400D-02
   57    9  -0.6851167877257750D-02   0.1716470625814344D-03   0.6853317736429653D-02
   58    9  -0.6909357068714984D-02   0.1745864194325780D-03   0.6911562451490401D-02
   59    9  -0.6944271552851600D-02   0.1763560043085600D-03   0.6946510551348760D-02
   60    9  -0.6955909875776582D-02   0.1769468588832050D-03   0.6958160129717830D-02
